1 train 0.6060 0.6920
1 val 0.3137 0.8707
2 train 0.5447 0.7413
2 val 0.2200 0.9160
3 train 0.5386 0.7333
3 val 0.2126 0.9293
4 train 0.5883 0.7320
4 val 0.2669 0.8893
5 train 0.5277 0.7573
5 val 0.2242 0.9253
6 train 0.5228 0.7627
6 val 0.1927 0.9280
7 train 0.5570 0.7440
7 val 0.2384 0.8973
8 train 0.4786 0.7920
8 val 0.2408 0.9027
9 train 0.4937 0.7853
9 val 0.2403 0.9027
10 train 0.4249 0.8280
10 val 0.2086 0.9133
11 train 0.4507 0.7960
11 val 0.2005 0.9267
12 train 0.4577 0.7907
12 val 0.2283 0.9120
13 train 0.4212 0.8200
13 val 0.1915 0.9360
14 train 0.4519 0.8240
14 val 0.2131 0.9360
15 train 0.4890 0.7707
15 val 0.1551 0.9440
16 train 0.4782 0.7560
16 val 0.2211 0.9147
17 train 0.4396 0.8040
17 val 0.2205 0.9200
18 train 0.4639 0.8013
18 val 0.1814 0.9360
19 train 0.4375 0.8213
19 val 0.1979 0.9200
20 train 0.4551 0.7893
20 val 0.2350 0.9173
21 train 0.5809 0.7387
21 val 0.2197 0.9107
22 train 0.4686 0.8080
22 val 0.1998 0.9240
23 train 0.5300 0.7547
23 val 0.1844 0.9347
24 train 0.5580 0.7493
24 val 0.1868 0.9360
25 train 0.4896 0.7880
25 val 0.1951 0.9360
26 train 0.5593 0.7427
26 val 0.2088 0.9107
27 train 0.4684 0.7973
27 val 0.2384 0.9173
28 train 0.4464 0.8080
28 val 0.2246 0.9213
29 train 0.4938 0.7880
29 val 0.1810 0.9280
30 train 0.5195 0.7507
30 val 0.2078 0.9253
31 train 0.4853 0.8053
31 val 0.1724 0.9400
32 train 0.4776 0.7933
32 val 0.2199 0.9133
33 train 0.4762 0.7893
33 val 0.1629 0.9320
34 train 0.4954 0.7813
34 val 0.2136 0.9093
35 train 0.4554 0.8093
35 val 0.1705 0.9427
36 train 0.4436 0.8053
36 val 0.2041 0.9240
37 train 0.4522 0.8000
37 val 0.1965 0.9320
38 train 0.4475 0.7973
38 val 0.2034 0.9240
39 train 0.4470 0.7960
39 val 0.1969 0.9267
40 train 0.4450 0.7853
40 val 0.1623 0.9413
41 train 0.4732 0.7933
41 val 0.1836 0.9267
42 train 0.4462 0.8093
42 val 0.2077 0.9320
43 train 0.4375 0.8067
43 val 0.2569 0.9213
44 train 0.4726 0.8000
44 val 0.1714 0.9427
45 train 0.4594 0.7947
45 val 0.2098 0.9253
46 train 0.4509 0.8080
46 val 0.1959 0.9360
47 train 0.4649 0.7853
47 val 0.1983 0.9453
48 train 0.4827 0.7840
48 val 0.1992 0.9333
49 train 0.4287 0.8227
49 val 0.1914 0.9253
50 train 0.4236 0.8147
50 val 0.2008 0.9360
51 train 0.4435 0.8147
51 val 0.1864 0.9387
52 train 0.4563 0.8200
52 val 0.1992 0.9200
53 train 0.4354 0.8187
53 val 0.2091 0.9173
54 train 0.4644 0.7960
54 val 0.2013 0.9360
55 train 0.5019 0.7693
55 val 0.2286 0.9173
56 train 0.4422 0.8227
56 val 0.1669 0.9373
57 train 0.4779 0.7827
57 val 0.2350 0.9107
58 train 0.4445 0.8000
58 val 0.2016 0.9213
59 train 0.4399 0.8107
59 val 0.2196 0.9293
60 train 0.4265 0.7987
60 val 0.2009 0.9293
61 train 0.4549 0.7987
61 val 0.1668 0.9373
62 train 0.4241 0.8360
62 val 0.1774 0.9387
63 train 0.4149 0.8453
63 val 0.2214 0.9200
64 train 0.4169 0.8227
64 val 0.1863 0.9293
65 train 0.4602 0.7960
65 val 0.1651 0.9413
66 train 0.4444 0.8027
66 val 0.1592 0.9493
67 train 0.4281 0.8107
67 val 0.2342 0.9093
68 train 0.4733 0.7840
68 val 0.1803 0.9387
69 train 0.4792 0.7933
69 val 0.1613 0.9467
70 train 0.4704 0.7853
70 val 0.1903 0.9187
71 train 0.4471 0.8013
71 val 0.2028 0.9253
72 train 0.4725 0.7893
72 val 0.2382 0.9213
73 train 0.4709 0.7907
73 val 0.2389 0.9147
74 train 0.4771 0.7973
74 val 0.1693 0.9387
75 train 0.4292 0.8293
75 val 0.1962 0.9293
76 train 0.4358 0.8000
76 val 0.2131 0.9227
77 train 0.4595 0.8227
77 val 0.1746 0.9347
78 train 0.4995 0.7813
78 val 0.1826 0.9307
79 train 0.4676 0.7987
79 val 0.2079 0.9133
80 train 0.4254 0.8147
80 val 0.2080 0.9267
81 train 0.4220 0.8040
81 val 0.2518 0.9120
82 train 0.4039 0.8387
82 val 0.1951 0.9333
83 train 0.4603 0.8093
83 val 0.1939 0.9360
84 train 0.4425 0.8120
84 val 0.2199 0.9253
85 train 0.4841 0.7840
85 val 0.2103 0.9347
86 train 0.4446 0.8120
86 val 0.3003 0.8787
87 train 0.4450 0.8013
87 val 0.1605 0.9453
88 train 0.4331 0.8093
88 val 0.2673 0.8987
89 train 0.4355 0.8160
89 val 0.1791 0.9280
90 train 0.4364 0.7960
90 val 0.1995 0.9293
91 train 0.5095 0.7627
91 val 0.1895 0.9240
92 train 0.4080 0.8160
92 val 0.2070 0.9320
93 train 0.4322 0.8213
93 val 0.2324 0.9147
94 train 0.4591 0.7893
94 val 0.2028 0.9320
95 train 0.4938 0.7787
95 val 0.1883 0.9387
96 train 0.4342 0.8187
96 val 0.1714 0.9413
97 train 0.4759 0.7867
97 val 0.2091 0.9400
98 train 0.4318 0.7947
98 val 0.1928 0.9373
99 train 0.4880 0.7907
99 val 0.1800 0.9240
100 train 0.4657 0.8053
100 val 0.1849 0.9240
101 train 0.5566 0.7480
101 val 0.2524 0.9093
102 train 0.5059 0.7707
102 val 0.2244 0.9173
103 train 0.5683 0.7413
103 val 0.1734 0.9307
104 train 0.5295 0.7533
104 val 0.2737 0.9053
105 train 0.5141 0.7560
105 val 0.1625 0.9400
106 train 0.5380 0.7613
106 val 0.2059 0.9507
107 train 0.5107 0.7667
107 val 0.2064 0.9280
108 train 0.4641 0.7987
108 val 0.2179 0.9280
109 train 0.4346 0.8187
109 val 0.1795 0.9347
110 train 0.4602 0.7987
110 val 0.1865 0.9280
111 train 0.4508 0.8080
111 val 0.2070 0.9320
112 train 0.4309 0.8067
112 val 0.1753 0.9333
113 train 0.4701 0.7973
113 val 0.1991 0.9373
114 train 0.4550 0.8040
114 val 0.1971 0.9467
115 train 0.4108 0.8240
115 val 0.2296 0.9240
116 train 0.4265 0.8120
116 val 0.2186 0.9360
117 train 0.4098 0.8133
117 val 0.1710 0.9520
118 train 0.4470 0.8040
118 val 0.2026 0.9240
119 train 0.4377 0.8080
119 val 0.2133 0.9293
120 train 0.4302 0.8160
120 val 0.2087 0.9387
121 train 0.4941 0.7800
121 val 0.1872 0.9373
122 train 0.4437 0.8107
122 val 0.2363 0.9200
123 train 0.4626 0.8093
123 val 0.1574 0.9520
124 train 0.4312 0.8133
124 val 0.1752 0.9480
125 train 0.4568 0.8067
125 val 0.1908 0.9280
126 train 0.4709 0.7867
126 val 0.2013 0.9400
127 train 0.4245 0.8093
127 val 0.1977 0.9427
128 train 0.4310 0.8107
128 val 0.2297 0.9173
129 train 0.4429 0.7987
129 val 0.1755 0.9347
130 train 0.5036 0.7907
130 val 0.1468 0.9507
131 train 0.4121 0.8027
131 val 0.2106 0.9240
132 train 0.4984 0.7840
132 val 0.2183 0.9240
133 train 0.4401 0.8093
133 val 0.1964 0.9333
134 train 0.4687 0.8093
134 val 0.1828 0.9440
135 train 0.4599 0.8213
135 val 0.1993 0.9440
136 train 0.4311 0.8067
136 val 0.2030 0.9293
137 train 0.4553 0.7960
137 val 0.2368 0.9147
138 train 0.4810 0.7747
138 val 0.1869 0.9493
139 train 0.4337 0.8080
139 val 0.1621 0.9467
140 train 0.4872 0.7947
140 val 0.1994 0.9333
141 train 0.4628 0.7840
141 val 0.1656 0.9480
142 train 0.4466 0.8080
142 val 0.2333 0.9173
143 train 0.4470 0.8000
143 val 0.1816 0.9387
144 train 0.4286 0.8147
144 val 0.2378 0.9147
145 train 0.4773 0.7933
145 val 0.1846 0.9467
146 train 0.4374 0.8053
146 val 0.2032 0.9333
147 train 0.4891 0.7707
147 val 0.1770 0.9440
148 train 0.4401 0.8160
148 val 0.1677 0.9507
149 train 0.4400 0.8067
149 val 0.1909 0.9373
150 train 0.4654 0.7880
150 val 0.1960 0.9240
151 train 0.4478 0.8227
151 val 0.2161 0.9387
152 train 0.4443 0.7760
152 val 0.1993 0.9440
153 train 0.4204 0.8227
153 val 0.1752 0.9400
154 train 0.4494 0.8147
154 val 0.2116 0.9347
155 train 0.4591 0.7933
155 val 0.1822 0.9440
156 train 0.4432 0.7933
156 val 0.2490 0.9107
157 train 0.4599 0.7827
157 val 0.1708 0.9520
158 train 0.3717 0.8347
158 val 0.2239 0.9320
159 train 0.4486 0.8080
159 val 0.2174 0.9280
160 train 0.4369 0.8227
160 val 0.1690 0.9533
161 train 0.4231 0.8160
161 val 0.2036 0.9267
162 train 0.4126 0.8160
162 val 0.2309 0.9293
163 train 0.4003 0.8307
163 val 0.2176 0.9413
164 train 0.4526 0.7987
164 val 0.2189 0.9347
165 train 0.4596 0.8013
165 val 0.1859 0.9373
166 train 0.3885 0.8387
166 val 0.1614 0.9387
167 train 0.4292 0.8107
167 val 0.2139 0.9227
168 train 0.4464 0.8053
168 val 0.1930 0.9333
169 train 0.4163 0.8040
169 val 0.1912 0.9293
170 train 0.4496 0.7987
170 val 0.2005 0.9280
171 train 0.4337 0.8067
171 val 0.2051 0.9320
172 train 0.4578 0.7987
172 val 0.2054 0.9293
173 train 0.4756 0.7853
173 val 0.2299 0.9147
174 train 0.4685 0.7907
174 val 0.1989 0.9453
175 train 0.4191 0.8320
175 val 0.2165 0.9280
176 train 0.4036 0.8347
176 val 0.1784 0.9467
177 train 0.4778 0.7827
177 val 0.1811 0.9520
178 train 0.4479 0.8027
178 val 0.2044 0.9427
179 train 0.4410 0.8107
179 val 0.1718 0.9493
180 train 0.4280 0.8200
180 val 0.2064 0.9333
181 train 0.5495 0.7360
181 val 0.1988 0.9387
182 train 0.4783 0.8013
182 val 0.1834 0.9267
183 train 0.5088 0.7693
183 val 0.2693 0.8973
184 train 0.5385 0.7640
184 val 0.1525 0.9427
185 train 0.4794 0.7907
185 val 0.1804 0.9293
186 train 0.4957 0.7853
186 val 0.2231 0.9360
187 train 0.5602 0.7400
187 val 0.2758 0.9013
188 train 0.4538 0.8187
188 val 0.2361 0.9213
189 train 0.4749 0.7813
189 val 0.1647 0.9387
190 train 0.4152 0.8240
190 val 0.1626 0.9373
191 train 0.4367 0.8107
191 val 0.1644 0.9533
192 train 0.4705 0.7760
192 val 0.1827 0.9347
193 train 0.4443 0.8093
193 val 0.2063 0.9387
194 train 0.4579 0.7867
194 val 0.1825 0.9387
195 train 0.4202 0.8280
195 val 0.1644 0.9480
196 train 0.4572 0.8227
196 val 0.2267 0.9227
197 train 0.4550 0.8067
197 val 0.1988 0.9440
198 train 0.4694 0.8027
198 val 0.1774 0.9440
199 train 0.4620 0.7840
199 val 0.1520 0.9520
200 train 0.3975 0.8213
200 val 0.1842 0.9307